0 1
1 13
13 140
140 159
159 167
0 2
2 22
22 40
40 124
124 127
127 134
134 164
164 168
0 3
3 60
60 112
112 153
0 4
4 64
64 75
0 5
5 10
10 11
0 6
6 19
19 37
37 87
87 136
136 143
143 150
150 192
0 7
7 61
61 78
78 101
101 141
141 174
174 181
181 195
0 8
8 120
120 183
0 9
9 116
116 145
0 12
12 129
129 152
152 162
162 199
0 14
14 80
80 83
83 86
86 98
98 118
118 137
137 180
0 15
15 92
92 131
131 139
139 149
149 158
158 184
0 16
16 48
48 49
49 106
106 189
0 17
17 144
144 182
0 18
18 44
44 52
52 113
113 187
187 193
193 198
0 20
20 85
85 108
0 21
21 39
39 76
76 107
107 115
115 190
0 23
23 32
32 91
91 171
0 24
24 28
28 99
99 130
130 138
0 25
25 27
27 36
36 38
38 89
89 93
93 95
95 121
121 155
0 26
26 96
96 179
179 197
0 29
29 74
74 102
102 125
125 194
0 30
30 46
46 146
0 31
31 59
59 68
68 161
161 173
173 175
0 33
33 34
34 65
65 128
0 35
35 72
72 73
73 94
94 114
0 41
41 123
123 166
0 42
42 84
84 156
0 43
43 55
55 66
66 70
70 79
79 186
0 45
45 82
82 117
117 122
0 47
47 105
105 132
132 142
142 170
0 50
50 88
88 154
0 51
51 56
56 110
110 191
0 53
53 54
54 67
67 71
71 97
97 103
103 111
111 135
135 176
0 57
57 77
77 148
148 151
151 185
185 196
0 58
58 69
69 177
0 62
62 109
109 126
0 63
63 90
90 100
100 147
0 81
81 104
104 119
119 133
133 157
157 163
163 172
0 160
160 165
165 169
