0 1
1 34
34 92
0 2
2 6
6 19
19 24
24 42
42 56
56 60
60 75
75 81
81 100
0 3
3 39
39 64
0 4
4 66
0 5
5 10
10 14
14 18
18 23
23 31
31 36
36 53
53 67
67 79
79 98
0 7
7 12
12 30
30 50
50 68
68 80
80 84
84 93
0 8
8 9
9 27
27 33
33 48
48 73
73 76
76 99
0 11
11 16
0 13
13 45
45 59
59 78
78 88
0 15
15 20
20 28
28 44
44 65
65 74
74 77
77 87
0 17
17 46
46 63
63 85
0 21
21 61
61 70
70 83
83 86
86 89
89 97
0 22
22 25
25 38
38 52
52 69
69 71
71 96
0 26
0 29
29 47
47 51
51 82
82 90
90 95
0 32
32 35
35 37
37 41
41 55
55 62
0 40
40 58
58 94
0 49
0 54
0 72
