0 1
1 17
0 2
0 3
3 11
11 15
15 21
21 28
28 35
35 46
46 65
35 47
47 56
35 51
28 36
28 38
38 48
38 50
50 55
55 63
28 40
28 42
42 49
49 53
53 59
59 61
61 74
74 84
61 76
61 77
53 60
53 62
53 68
53 71
49 54
54 58
58 66
66 69
69 72
72 87
87 93
72 88
88 96
96 98
69 73
73 82
82 91
91 94
94 99
99 110
110 124
124 132
110 130
99 111
111 125
125 133
99 117
117 120
120 126
94 102
94 103
94 104
104 119
104 123
94 107
94 108
94 109
94 112
112 115
115 116
116 121
121 127
127 139
127 140
121 128
128 129
129 137
137 150
129 138
138 141
141 144
144 148
148 157
148 158
148 159
159 161
161 172
172 179
179 190
161 177
161 182
144 149
149 152
152 160
160 167
167 178
178 186
186 189
189 192
192 195
195 197
197 203
203 213
213 218
218 228
218 231
231 235
235 236
236 246
246 255
246 258
236 249
249 260
235 242
213 224
224 230
230 237
237 238
238 244
244 248
248 250
250 259
259 265
250 261
261 267
267 272
272 280
280 289
289 306
280 293
272 281
272 286
272 288
267 276
276 287
267 278
278 290
290 292
292 303
303 314
267 279
267 285
261 270
250 262
262 271
271 275
275 284
271 277
277 282
282 283
283 291
291 296
296 313
313 324
324 326
326 327
327 330
330 340
340 347
347 358
358 361
361 371
371 380
380 386
380 388
380 389
371 385
361 378
361 382
358 366
366 379
358 370
347 362
347 364
340 350
350 355
355 365
365 374
374 376
376 384
384 394
355 367
367 373
355 368
368 372
372 381
381 383
383 391
391 398
391 399
391 400
383 393
393 407
407 408
408 413
413 423
423 431
431 437
413 426
383 395
383 397
397 411
381 387
387 392
392 396
396 402
402 421
396 405
405 414
405 415
415 418
418 436
405 417
405 424
396 406
406 416
416 420
420 427
427 435
420 428
420 429
420 430
430 438
420 432
432 433
433 434
434 439
439 449
449 459
459 466
466 482
439 451
439 452
434 440
440 450
450 461
450 464
440 453
434 441
441 444
444 456
456 463
463 471
471 481
481 492
471 487
463 475
475 477
477 488
463 478
463 479
479 483
456 465
465 472
472 473
473 485
485 493
493 502
502 507
507 512
512 518
518 528
485 499
499 504
473 486
486 495
486 500
486 505
473 489
489 491
491 496
496 515
491 497
497 508
497 511
497 513
491 498
498 501
501 509
501 510
501 514
514 519
519 527
527 537
537 540
519 530
514 521
521 526
526 531
526 532
532 538
538 541
541 545
545 556
545 557
557 563
563 569
569 574
574 585
585 596
596 602
602 614
596 609
596 611
585 599
599 603
603 605
605 615
615 627
627 630
630 638
638 654
638 656
638 657
630 639
639 647
647 652
652 664
664 667
667 672
672 675
675 685
675 687
687 689
689 691
691 697
697 699
691 700
689 696
689 698
675 688
672 678
672 679
672 680
680 681
672 682
672 683
683 693
672 686
672 690
667 674
667 676
676 684
684 694
694 695
664 669
669 677
647 655
655 661
661 670
661 673
655 662
655 663
663 671
655 666
647 659
647 668
639 648
648 653
648 665
639 650
639 658
630 640
640 660
630 642
642 651
630 644
630 645
630 649
615 629
629 636
629 637
629 643
615 633
615 634
605 616
616 624
605 617
605 618
618 625
625 641
605 619
605 620
605 621
621 631
605 623
623 628
605 626
599 607
599 613
574 594
545 558
558 565
545 561
545 564
564 566
566 573
541 547
547 552
552 560
560 568
568 576
576 587
587 601
587 608
568 577
577 584
584 600
568 586
586 589
589 612
560 571
541 548
548 553
553 559
559 567
567 575
575 588
588 604
575 590
567 578
578 593
593 606
593 610
567 579
579 597
567 582
567 583
559 570
559 572
572 581
581 592
592 598
541 549
541 550
541 554
541 555
555 562
538 543
543 551
526 533
533 539
533 544
526 534
526 536
526 542
514 522
522 529
514 525
525 535
501 517
501 520
501 523
501 524
498 506
491 503
489 494
473 490
456 467
467 474
467 484
456 468
468 476
456 469
444 457
444 458
444 460
441 454
434 442
434 443
434 445
445 455
455 462
434 446
434 447
434 448
406 422
396 409
396 412
412 419
392 401
392 403
403 410
355 369
369 375
350 359
359 363
363 377
340 352
340 356
330 342
342 349
349 360
330 343
330 345
345 354
330 346
346 351
330 348
330 353
327 337
337 344
344 357
327 341
326 333
324 331
296 319
291 299
299 307
299 316
299 318
291 300
291 304
304 320
320 321
321 329
329 339
291 311
291 312
312 317
283 295
283 297
297 308
283 298
283 301
283 302
302 305
305 315
315 322
322 325
325 335
325 336
322 328
322 334
305 323
283 310
250 264
250 266
266 274
250 268
250 269
244 251
244 254
213 227
213 229
203 216
203 217
217 221
217 226
203 220
197 208
197 209
197 210
210 215
215 219
219 225
225 232
215 222
222 223
223 233
233 240
233 241
241 247
247 253
253 256
256 263
233 243
233 245
223 234
223 239
197 212
197 214
195 201
201 207
195 204
195 205
195 206
195 211
192 196
196 202
192 199
189 194
189 200
186 191
186 193
178 188
167 183
183 187
187 198
160 169
160 171
171 180
160 173
173 175
175 185
160 176
152 162
162 170
170 181
152 163
163 168
168 184
152 164
164 174
152 165
152 166
144 151
144 153
153 154
141 147
138 143
143 146
146 155
146 156
138 145
129 142
121 134
116 122
122 135
116 131
131 136
94 113
113 118
94 114
91 97
91 100
91 101
91 105
82 92
92 106
82 95
73 83
73 86
69 75
69 78
78 90
69 79
79 89
69 80
69 81
69 85
58 70
49 57
57 67
49 64
15 27
15 30
30 31
31 43
43 52
31 45
11 19
19 26
26 34
34 44
11 20
0 4
0 5
5 14
0 6
0 7
7 8
0 9
9 12
12 16
16 18
18 32
32 41
18 33
18 37
12 22
0 10
10 13
13 23
13 24
24 29
29 39
13 25
